Found 12 CSV files under C:\Users\susmi\Desktop\imu-eeg-artifact\data\raw\emotiv

==============================================================================
Sub1EB.csv
  rows: 5773   columns: 23   duration at 128 Hz: 45.1 s
  non-data lines skipped at top: 1
  header preview: ['EEG.AF3', 'EEG.F7', 'EEG.F3', 'EEG.FC5', 'EEG.T7', 'EEG.P7', 'EEG.O1', 'EEG.O2']
  NaN cells: 0
       mean     std      min      max
0   4184.62  215.66  3286.79  5351.41
1   4186.53  241.95  2982.18  5477.18
2   4190.60  203.14  3235.77  5277.05
3   4189.34  222.02  3098.97  5409.36
4   4191.73  232.02  3001.79  5538.59
5   4190.80  128.95  3640.38  4789.74
6   4191.75  215.54  3047.69  5379.49
7   4192.78  180.07  3326.03  5108.08
8   4204.89  268.20  3099.87  5531.15
9   4180.58  335.97  2767.31  5418.85
10  4190.61  216.60  3179.23  5354.36
11  4170.91  399.91  2916.03  5797.44
12  4191.87  255.60  3059.62  5423.46
13  4185.07  134.56  3617.82  4848.97
14  8193.06   48.03  7586.00  8252.00
15  8227.31   65.79  8107.00  9148.00
16  8195.87   19.07  8128.00  8364.00
17  3950.95   31.67  3829.00  4164.00
18  8362.90   66.87  7851.00  8656.00
19  7287.78  124.36  6531.00  8479.00
20  8439.27    4.88  8410.00  8462.00
21  8005.42    7.08  7939.00  8042.00
22  8293.00    8.38  8246.00  8336.00
==============================================================================
Sub1EBM.csv
  rows: 5757   columns: 23   duration at 128 Hz: 45.0 s
  non-data lines skipped at top: 1
  header preview: ['EEG.AF3', 'EEG.F7', 'EEG.F3', 'EEG.FC5', 'EEG.T7', 'EEG.P7', 'EEG.O1', 'EEG.O2']
  NaN cells: 0
       mean     std      min      max
0   4199.92  213.83  3026.67  5247.69
1   4173.04  386.14  2774.10  7708.08
2   4197.41  178.85  3252.18  5203.33
3   4189.12  106.67  3656.03  4735.26
4   4197.31  209.25  2856.41  5552.56
5   4187.10  164.36  3336.15  5013.85
6   4198.82  199.53  3030.38  5366.92
7   4199.64  166.48  3189.10  5154.87
8   4201.85  232.33  3064.87  5244.87
9   4200.51  239.25  2976.67  5380.64
10  4187.25  331.75  2609.74  7344.62
11  4195.37  262.15  3156.67  5362.95
12  4194.96  596.03  2695.26  7704.10
13  4187.39  123.80  3577.95  4830.26
14  8179.74  214.77  5726.00  9207.00
15  8220.65   67.95  7972.00  8757.00
16  8193.47   29.16  8052.00  8488.00
17  3947.91   40.15  3718.00  4294.00
18  8437.76  168.78  7905.00  9100.00
19  7843.45  385.94  6640.00  8760.00
20  8449.72    9.28  8387.00  8511.00
21  8010.23   24.37  7944.00  8178.00
22  8210.21   42.05  7978.00  8330.00
==============================================================================
Sub1EM.csv
  rows: 6028   columns: 24   duration at 128 Hz: 47.1 s
  non-data lines skipped at top: 1
  header preview: ['EEG.AF3', 'EEG.F7', 'EEG.F3', 'EEG.FC5', 'EEG.T7', 'EEG.P7', 'EEG.O1', 'EEG.O2']
  NaN cells: 0
       mean      std      min      max
0   4174.79   156.31  2526.92  4605.26
1   4213.86   255.65  3571.79  7672.18
2   4172.40   138.54  2812.31  4582.44
3   4184.70    71.30  3798.97  4487.31
4   4171.90   183.72  1745.13  4644.87
5   4171.53    83.01  3487.44  4438.59
6   4172.63   147.95  2647.95  4572.95
7   4172.81   122.83  2996.41  4543.97
8   4175.48   200.74  2549.36  4720.64
9   4179.09   237.40  2836.54  4850.90
10  4173.69   157.72  2526.54  4632.05
11  4179.17   416.03  1920.00  5807.44
12  4180.09   222.76  2522.05  5428.72
13  4167.41    94.09  3266.28  4465.64
14  1886.14  1590.43     0.00  4492.00
15  8180.11   170.47  5852.00  8263.00
16  8219.43    20.70  8060.00  8324.00
17  8194.88    26.40  8158.00  8491.00
18  3914.07    29.43  3768.00  4187.00
19  8298.00    68.67  8119.00  8991.00
20  7778.04   120.14  6682.00  8035.00
21  8443.53     4.80  8384.00  8510.00
22  8006.14     9.39  7937.00  8126.00
23  8276.06    20.22  7989.00  8309.00
==============================================================================
Sub1HS.csv
  rows: 5732   columns: 23   duration at 128 Hz: 44.8 s
  non-data lines skipped at top: 1
  header preview: ['EEG.AF3', 'EEG.F7', 'EEG.F3', 'EEG.FC5', 'EEG.T7', 'EEG.P7', 'EEG.O1', 'EEG.O2']
  NaN cells: 0
       mean     std      min       max
0   4179.98  137.70  3693.97   4697.44
1   4183.05  227.44  3448.59   5346.92
2   4182.09   98.57  3830.13   4465.00
3   4180.50   84.31  3781.79   4428.85
4   4178.35  100.51  3738.85   4471.54
5   4179.91   95.15  3910.77   4532.18
6   4181.03  110.91  3705.90   4557.44
7   4184.52  104.38  3874.74   4495.00
8   4178.27  230.61  3552.44   4932.05
9   4170.61  299.69  3382.69   5005.64
10  4178.76  200.50  3418.72   5251.15
11  4152.03  484.00  2675.51   5297.31
12  4177.54  219.94  3591.92   4940.90
13  4178.93   71.93  3926.41   4406.54
14  8197.51  625.53  6361.00  10689.00
15  8207.16  123.99  7800.00   8779.00
16  8193.18  299.39  6983.00   8955.00
17  4104.62  179.83  3647.00   4735.00
18  8286.65  667.22  6445.00   9930.00
19  6877.66  566.87  5447.00   8627.00
20  8424.69   61.95  8267.00   8540.00
21  8047.30   64.63  7945.00   8246.00
22  8293.74  142.05  8054.00   8568.00
==============================================================================
Sub1HT.csv
  rows: 5591   columns: 23   duration at 128 Hz: 43.7 s
  non-data lines skipped at top: 1
  header preview: ['EEG.AF3', 'EEG.F7', 'EEG.F3', 'EEG.FC5', 'EEG.T7', 'EEG.P7', 'EEG.O1', 'EEG.O2']
  NaN cells: 0
       mean      std      min       max
0   4198.53   315.76  3515.38   5834.36
1   4200.35   460.04   681.67   5294.36
2   4196.76   254.68  3469.87   5785.13
3   4196.65   144.29  3741.41   4638.46
4   4198.15   379.91  3353.59   7415.13
5   4197.68   163.80  3714.87   4972.69
6   4197.64   279.07  3494.87   6130.26
7   4198.69   231.92  3586.54   5660.51
8   4199.51   362.67  3364.36   6573.59
9   4184.26   478.37  3064.36   7060.77
10  4200.27   345.49  3452.95   6124.87
11  4186.11   453.96  3176.54   6366.41
12  4202.20   355.80  3426.54   6186.92
13  4192.41   184.28  3780.38   5357.18
14  8197.89   376.97  4640.00   9345.00
15  8215.92   759.71  5690.00  10755.00
16  8190.74    85.90  7823.00   8520.00
17  4600.61   468.98  3707.00   5987.00
18  8691.24   315.14  7987.00  10251.00
19  7369.56  2130.17  4019.00  11738.00
20  8440.00    30.14  8332.00   8511.00
21  8026.60    26.13  7940.00   8133.00
22  8257.86   124.82  8014.00   8478.00
==============================================================================
Sub1LS.csv
  rows: 5257   columns: 23   duration at 128 Hz: 41.1 s
  non-data lines skipped at top: 1
  header preview: ['EEG.AF3', 'EEG.F7', 'EEG.F3', 'EEG.FC5', 'EEG.T7', 'EEG.P7', 'EEG.O1', 'EEG.O2']
  NaN cells: 0
       mean     std      min      max
0   4183.87  125.02  3709.74  4705.64
1   4184.45   65.23  3954.49  4410.00
2   4191.02   72.95  3918.97  4429.10
3   4186.99   63.44  3958.46  4414.87
4   4187.14   72.03  3937.95  4432.18
5   4194.27   44.53  4052.56  4290.77
6   4190.40   74.96  3902.44  4397.82
7   4191.85   63.88  3946.92  4335.13
8   4184.09  204.03  3530.26  4866.41
9   4195.63  271.32  3456.28  5018.33
10  4190.04   77.07  3828.85  4438.21
11  4143.31  438.60  2977.18  6236.92
12  4217.54  222.27  3740.00  5869.49
13  4184.32   48.31  3995.77  4334.10
14  8176.42  233.98  5208.00  8371.00
15  8216.39   68.34  7995.00  8655.00
16  8194.29   62.66  7927.00  8849.00
17  3980.68   88.17  3637.00  4681.00
18  8004.54  211.63  7544.00  9344.00
19  7007.15  265.18  6186.00  7569.00
20  8406.06   19.59  8360.00  8487.00
21  7992.40   20.43  7938.00  8160.00
22  8325.19   44.43  7992.00  8374.00
==============================================================================
Sub1Music.csv
  rows: 5725   columns: 23   duration at 128 Hz: 44.7 s
  non-data lines skipped at top: 1
  header preview: ['EEG.AF3', 'EEG.F7', 'EEG.F3', 'EEG.FC5', 'EEG.T7', 'EEG.P7', 'EEG.O1', 'EEG.O2']
  NaN cells: 0
       mean      std      min      max
0   4193.33   509.57  2747.05  5130.38
1   4192.60   464.34  3450.26  5663.33
2   4190.03   573.05  2454.49  5163.59
3   4200.80   628.84  3248.33  6151.28
4   4193.12   166.18  3570.64  4946.54
5   4187.56   195.75  3411.41  4673.46
6   4197.10   722.36  2206.41  5424.23
7   4199.19   619.52  2486.41  5217.05
8   4196.04   297.83  3146.54  4855.00
9   4199.84   249.10  3486.79  4769.74
10  4211.61  1064.88  2423.46  7361.41
11  4184.38   660.23  2533.85  5733.59
12  4212.45   580.90  3064.10  6388.59
13  4182.95   207.42  3504.36  4575.90
14  8179.09   168.96  6000.00  8555.00
15  8210.52    93.73  7072.00  8933.00
16  8196.45    41.15  7988.00  8674.00
17  4377.22    94.92  3674.00  4900.00
18  8713.95    84.41  8309.00  8932.00
19  5997.69   256.32  4693.00  7902.00
20  8415.11     8.57  8394.00  8453.00
21  8017.98    18.09  7944.00  8160.00
22  8356.58    63.18  7948.00  8387.00
==============================================================================
Sub1Relax.csv
  rows: 5593   columns: 23   duration at 128 Hz: 43.7 s
  non-data lines skipped at top: 1
  header preview: ['EEG.AF3', 'EEG.F7', 'EEG.F3', 'EEG.FC5', 'EEG.T7', 'EEG.P7', 'EEG.O1', 'EEG.O2']
  NaN cells: 0
       mean     std      min      max
0   4188.26  115.78  3679.49  4602.95
1   4179.71  183.94  2661.03  5258.46
2   4190.60   94.91  3698.59  4717.18
3   4185.63   62.45  3936.41  4384.36
4   4189.45   91.56  3618.46  4706.92
5   4188.72   78.89  3961.92  4556.03
6   4190.84  112.47  3528.33  4896.28
7   4188.66  105.09  3674.62  4754.62
8   4189.56  262.13  3385.77  5039.23
9   4195.85  277.76  3216.79  5106.54
10  4188.18  125.02  3478.33  4957.95
11  4181.53  391.40  3168.33  5615.64
12  4188.80  124.02  3436.92  4954.49
13  4182.06   70.00  3771.41  4602.95
14  8201.45    7.18  8130.00  8226.00
15  8219.02   12.42  8181.00  8270.00
16  8192.54    6.79  8129.00  8255.00
17  4309.86   46.51  4199.00  4447.00
18  8488.41   46.61  8345.00  8641.00
19  6037.35   98.63  5781.00  6255.00
20  8424.81    4.02  8412.00  8439.00
21  8003.14    7.22  7936.00  8062.00
22  8327.94    3.86  8319.00  8341.00
==============================================================================
Sub1Relaxopen.csv
  rows: 5673   columns: 23   duration at 128 Hz: 44.3 s
  non-data lines skipped at top: 1
  header preview: ['EEG.AF3', 'EEG.F7', 'EEG.F3', 'EEG.FC5', 'EEG.T7', 'EEG.P7', 'EEG.O1', 'EEG.O2']
  NaN cells: 0
       mean     std      min      max
0   4188.82   98.27  3903.85  4709.87
1   4184.42   42.93  4041.67  4329.23
2   4179.94   62.56  3878.85  4407.31
3   4183.42   47.35  3940.77  4317.44
4   4182.01   52.52  3908.59  4348.08
5   4181.29   64.05  3967.56  4327.31
6   4181.49   58.00  3875.26  4371.92
7   4182.33   62.69  3811.03  4335.77
8   4190.80  167.39  3696.03  4802.56
9   4185.00  209.53  3511.92  4912.56
10  4186.48   52.66  4007.95  4340.77
11  4212.51  316.27  3201.54  6357.44
12  4182.92   71.32  3846.54  4404.10
13  4177.92   32.44  4034.10  4283.72
14  8201.45    8.55  8128.00  8304.00
15  8219.72   12.40  8170.00  8266.00
16  8192.05    6.99  8131.00  8255.00
17  3982.23   23.46  3900.00  4082.00
18  8323.01   49.56  8167.00  8495.00
19  7039.36   33.41  6935.00  7191.00
20  8431.91    3.62  8421.00  8447.00
21  7999.59    7.55  7936.00  8063.00
22  8296.21    3.06  8289.00  8305.00
==============================================================================
Sub1SUSD.csv
  rows: 5350   columns: 23   duration at 128 Hz: 41.8 s
  non-data lines skipped at top: 1
  header preview: ['EEG.AF3', 'EEG.F7', 'EEG.F3', 'EEG.FC5', 'EEG.T7', 'EEG.P7', 'EEG.O1', 'EEG.O2']
  NaN cells: 0
       mean      std      min       max
0   4190.73   208.30  3445.00   4707.69
1   4182.41   355.86  2977.05   6542.44
2   4190.01   239.95  3379.23   4749.74
3   4192.23   200.59  3518.97   4883.08
4   4191.11   245.13  3491.03   4896.92
5   4192.24   189.74  3569.10   4652.95
6   4192.66   281.02  3283.08   4917.69
7   4193.03   188.39  3411.79   4742.95
8   4195.02   442.67  3173.72   5599.23
9   4189.66   351.34  3261.67   5283.97
10  4191.74   334.08  3372.69   5140.13
11  4185.79   351.11  3361.67   5516.67
12  4194.10   319.38  2909.10   5181.28
13  4184.14   137.36  3581.28   4635.13
14  8229.36   578.68  6053.00  11245.00
15  8202.35   563.76  6462.00  10432.00
16  8172.10   189.94  7175.00   8756.00
17  4215.10   557.07  1708.00   6896.00
18  8302.91   431.15  6484.00   9428.00
19  7431.15  1656.17  1648.00   9781.00
20  8425.79    35.11  8284.00   8524.00
21  8016.08    43.03  7939.00   8219.00
22  8203.73   117.84  7941.00   8435.00
==============================================================================
Sub1Talking.csv
  rows: 5616   columns: 23   duration at 128 Hz: 43.9 s
  non-data lines skipped at top: 1
  header preview: ['EEG.AF3', 'EEG.F7', 'EEG.F3', 'EEG.FC5', 'EEG.T7', 'EEG.P7', 'EEG.O1', 'EEG.O2']
  NaN cells: 0
       mean     std      min      max
0   4189.53  119.82  3773.46  5414.36
1   4196.72  153.13  2629.49  4841.28
2   4188.87  110.95  3750.38  5325.51
3   4190.30   68.56  3814.23  4719.36
4   4190.11  149.01  3755.13  5973.85
5   4188.12   71.83  3926.79  4785.51
6   4189.61  122.34  3691.15  5474.49
7   4189.58  100.63  3782.82  5168.85
8   4182.08  139.76  3782.05  5336.28
9   4196.38  158.39  3835.77  5616.15
10  4187.20  117.08  3779.36  5446.79
11  4179.76  278.44  3443.33  5367.82
12  4192.26  134.01  3837.05  5535.13
13  4182.30   71.25  3905.26  4900.13
14  8201.18   42.99  7983.00  8482.00
15  8217.29   53.46  7738.00  8669.00
16  8191.42   47.69  7789.00  8428.00
17  4319.02   96.28  3971.00  5319.00
18  7544.85  216.08  7158.00  8151.00
19  5983.51  170.82  4469.00  6343.00
20  8340.59   21.24  8257.00  8400.00
21  7960.14    9.63  7889.00  8006.00
22  8356.02   14.66  8321.00  8396.00
==============================================================================
Sub1Walking.csv
  rows: 5400   columns: 24   duration at 128 Hz: 42.2 s
  non-data lines skipped at top: 1
  header preview: ['EEG.AF3', 'EEG.F7', 'EEG.F3', 'EEG.FC5', 'EEG.T7', 'EEG.P7', 'EEG.O1', 'EEG.O2']
  NaN cells: 0
       mean      std      min       max
0   4186.28   290.91  2636.03   5574.10
1   4193.42   341.52  2279.36   6558.59
2   4180.46   300.52  2615.77   5672.69
3   4185.44   201.81  3329.87   5111.67
4   4184.58   372.20  2093.33   6230.00
5   4190.02   169.67  3512.82   4943.21
6   4182.91   329.12  2513.46   5844.87
7   4184.36   256.05  2896.28   5375.38
8   4182.27   464.42  2977.18   5796.67
9   4189.88   456.95  2513.97   6610.51
10  4189.20   372.71  2663.59   6621.67
11  4174.84   506.54  2447.56   6211.79
12  4183.91   395.09  2410.38   6491.92
13  4179.17   186.56  3266.67   5090.00
14  1883.58  1583.09     0.00   4968.00
15  8198.17   911.68  5121.00  11581.00
16  8145.46   280.16  7212.00   9190.00
17  8207.84   343.42  6848.00   9294.00
18  4086.36   550.02  1274.00   6341.00
19  8203.37   648.16  6219.00   9892.00
20  6991.11   831.83  4575.00   8783.00
21  8406.68    52.19  8260.00   8575.00
22  8215.72   129.34  7957.00   8441.00
23  8295.89   218.32  7858.00   8537.00

Saved plots to C:\Users\susmi\Desktop\imu-eeg-artifact\results\figures\inspect
Saved summary to C:\Users\susmi\Desktop\imu-eeg-artifact\data\interim\inspect_summary.csv
